50
70
00000000000000000000000000000000000000000000000000
00000111111111111000000111000000000000000000000000
00000100000000001100000001111111110000000000000000
00000111101000000111110011000000011100000011100000
00000000111000000000011110000011110000000000110000
00000000100000000000000000000110000000000000010000
00000000000000011000000111100010000001111111111100
00000000000000111111111111111111111111111111111100
00000000000000111111111111111111111111111111111100
00000000000000011111111111111111111111111111111100
00000000000100011111111111111101101111111111000000
00000000000111011111111111110001111111111001000000
00000000001011111111111101111111111111111000000000
00000000001011111111111111111111111111111100001000
00000000001111111111111101111111111111111111011000
00000000000111111111111111111111011110011111111100
00000000001111111101111111111111111111111111111100
00000000011111111111111111111111111111110111111100
00000000111111110111111111111111111111111111111100
00000000111111111111111111111111111111110001111100
00000001111111111111111111111111110011111111111100
00000011111111101111111111111111111111011111111100
00000011110111111111111111111111011111000001111100
00000011111111111111111111011111111111100000111000
00000011111111111111111111111111111111111111111110
00000011111011111110111111111011111111111111111110
00000111111011111010110111111111111111111111111000
00000100111000111110111111111111111111111111111100
00000001111101111111111111111111111111111111100100
00000011111111111111111111111111111111111011100000
00000111111111111111111111111111111111111110001110
00000111111111111111111111111111111111111111011110
00000011111111111111111111111111111111111101011100
00000011111011111111110000001000001111111100011100
00000011111111111111110000001011001111111100111100
00000000111110000111010011001011001111111100111100
00000000111110000111110011001011001111111001111100
00000000011101000011110011001011001111110001111100
00000000011101000001110011001011001111100000111100
00000000010101000001110011001011001111100000111000
00000000110111111111111111001100001111100000111000
00000000110111111111111100001111111111100001110000
00000000011111111110011100001111111111111001110000
00000000001100111110000111111111111111111011100000
00000000000110111111000111111111111111111011100000
00000000000011111111111111111111111111111111100000
00000000000011111111111111111111111001111111000000
00000000000000111111111111111111000011111111010000
00000000000111111111111111111111000011111111110000
00000000000111111111111111111100011111111111111000
00000000011111111111111111111111111110111111111100
00000000011111111111011111111111111111011111111100
00000001111111111100001111111111111111111111111110
00000001111111111101001111111111100111111111111110
00000000001111111000101111111000000111111101111100
00000000001111111110011111110001110111111111111100
00000000000111111111111111111100000011111110011100
00000000000011111111111111111111111111110011111100
00000000000001111111111111111111110111100111111100
00000000001100001111101111111111111111110111111100
00000000111100001111101111111011111111111011111110
00000001111111000111101110000111111111111111111100
00000001111111100111111110111111111111111111111100
00000001111111111111111111111111111111111111111000
00000001100001111111111111111111111110111111100000
00000000000000001111111111111111111111111000000000
00000000000000000000111111100000001111100000000000
00000000000000000000000000000000000000100000000000
00000000000000000000000000000111111111110000000000
00000000000000000000000000000000000000000000000000
